15, 0.01061563447798592, -0.03487868870184338 
45, 0.01404826376544693, -0.04585736784348773 
91, 0.015548595834655446, -0.0498519696631428 
153, 0.01646505427652388, -0.05206176540563196 
231, 0.017112097301843737, -0.05352737305065877 
325, 0.01760777797801755, -0.05460105815825523 
861, 0.018880541710578378, -0.057182383802279614 
------------------------------------------------
1891, 0.019807851189689002, -0.05892780588473777 
3321, 0.020437345019391706, -0.06006189721892881 
5151, 0.020914283813209388, -0.06089981867069094 
7381, 0.021298570846578463, -0.061564446056435865 
------------------------------------------------
10011, 0.021620688738737327, -0.062115944040938856 
------------------------------------------------
13041, 0.021898255799267106, -0.06258811119471806 
------------------------------------------------
16471, 0.022142371623895624, -0.0630017776865344 
------------------------------------------------
20301, 0.02236047961420309, -0.06337066935200165 
------------------------------------------------
