15, -0.01003698099253816, -0.03340985237254316 
45, -0.01312967939666793, -0.04363687031211202 
91, -0.014258004460514593, -0.0468826137328192 
153, -0.014838430180384141, -0.04845241803982625 
231, -0.015188082875831333, -0.049373771137476936 
325, -0.015420365068406917, -0.04997887367982849 
861, -0.01588067007458818, -0.051168619415089274 
------------------------------------------------
1891, -0.01610869005626125, -0.05175650609093761 
3321, -0.016222893378085794, -0.05205163164612917 
5151, -0.016292197843579482, -0.05223155997990779 
7381, -0.01633936477041457, -0.052354877190464076 
------------------------------------------------
