
Element number 1------------------------------------------------------------------------------------------------------------------------------------------------------
[ 1.15384615e+11  0.00000000e+00 -1.53846154e+11  4.61538462e+10
  3.84615385e+10 -1.15384615e+10 -1.33167614e-05 -4.61538462e+10
  2.66335227e-05 -2.67912569e-06 -6.77626358e-22  1.15384615e+10][ 0.00000000e+00  4.03846154e+10  5.38461538e+10 -5.38461538e+10
 -1.34615385e+10  1.34615385e+10 -5.38461538e+10 -7.21324574e-06
 -3.36412458e-06  9.43270597e-06  1.34615385e+10 -1.69406589e-22][-1.53846154e+11  5.38461538e+10  4.15384615e+11 -1.00000000e+11
 -1.53846154e+11  4.61538462e+10 -1.07692308e+11  1.00000000e+11
 -5.10475852e-05 -1.00000000e+11  8.26735836e-07  2.08074396e-06][ 4.61538462e+10 -5.38461538e+10 -1.00000000e+11  4.15384615e+11
  5.38461538e+10 -5.38461538e+10  1.00000000e+11 -3.07692308e+11
 -1.00000000e+11 -5.10475852e-05  3.88405540e-06  1.76484583e-06][ 3.84615385e+10 -1.34615385e+10 -1.53846154e+11  5.38461538e+10
  1.55769231e+11 -7.50000000e+10  9.98757102e-06  1.55362216e-05
 -5.38461538e+10  4.61538462e+10  1.34615385e+10 -1.15384615e+10][-1.15384615e+10  1.34615385e+10  4.61538462e+10 -5.38461538e+10
 -7.50000000e+10  1.55769231e+11  1.06811523e-05 -3.55113636e-05
  5.38461538e+10 -1.53846154e+11 -1.34615385e+10  3.84615385e+10][-1.33167614e-05 -5.38461538e+10 -1.07692308e+11  1.00000000e+11
  9.98757102e-06  1.06811523e-05  4.15384615e+11 -1.00000000e+11
 -3.07692308e+11  1.00000000e+11  8.05555712e-06 -4.61538462e+10][-4.61538462e+10 -7.21324574e-06  1.00000000e+11 -3.07692308e+11
  1.55362216e-05 -3.55113636e-05 -1.00000000e+11  4.15384615e+11
  1.00000000e+11 -1.07692308e+11 -5.38461538e+10  6.15192084e-07][ 2.66335227e-05 -3.36412458e-06 -5.10475852e-05 -1.00000000e+11
 -5.38461538e+10  5.38461538e+10 -3.07692308e+11  1.00000000e+11
  4.15384615e+11 -1.00000000e+11 -5.38461538e+10  4.61538462e+10][-2.67912569e-06  9.43270597e-06 -1.00000000e+11 -5.10475852e-05
  4.61538462e+10 -1.53846154e+11  1.00000000e+11 -1.07692308e+11
 -1.00000000e+11  4.15384615e+11  5.38461538e+10 -1.53846154e+11][-6.77626358e-22  1.34615385e+10  8.26735836e-07  3.88405540e-06
  1.34615385e+10 -1.34615385e+10  8.05555712e-06 -5.38461538e+10
 -5.38461538e+10  5.38461538e+10  4.03846154e+10 -3.00078309e-06][ 1.15384615e+10 -1.69406589e-22  2.08074396e-06  1.76484583e-06
 -1.15384615e+10  3.84615385e+10 -4.61538462e+10  6.15192084e-07
  4.61538462e+10 -1.53846154e+11 -3.00078309e-06  1.15384615e+11]

Element number 111------------------------------------------------------------------------------------------------------------------------------------------------------
[ 4.03846154e+10  3.64291930e-06 -5.38461538e+10  5.38461538e+10
 -2.93090284e-05 -5.38461538e+10  1.34615385e+10 -1.34615385e+10
 -5.14101392e-05  8.32297585e-07  1.57914315e-05  1.34615385e+10][ 3.64291930e-06  1.15384615e+11  4.61538462e+10 -1.53846154e+11
 -4.61538462e+10 -1.15402610e-05 -1.15384615e+10  3.84615385e+10
  1.24844638e-06 -2.15877318e-05  1.15384615e+10  5.52700103e-06][-5.38461538e+10  4.61538462e+10  4.15384615e+11 -1.00000000e+11
 -3.07692308e+11  1.00000000e+11 -5.38461538e+10  5.38461538e+10
  9.32173295e-05 -1.00000000e+11 -1.77556818e-05  2.33712719e-05][ 5.38461538e+10 -1.53846154e+11 -1.00000000e+11  4.15384615e+11
  1.00000000e+11 -1.07692308e+11  4.61538462e+10 -1.53846154e+11
 -1.00000000e+11  8.87784091e-05  2.02232195e-05 -8.32297585e-06][-2.93090284e-05 -4.61538462e+10 -3.07692308e+11  1.00000000e+11
  4.15384615e+11 -1.00000000e+11 -2.27494673e-05 -6.10351562e-06
 -1.07692308e+11  1.00000000e+11 -2.44140625e-05 -5.38461538e+10][-5.38461538e+10 -1.15402610e-05  1.00000000e+11 -1.07692308e+11
 -1.00000000e+11  4.15384615e+11 -7.21324574e-06  1.41490589e-05
  1.00000000e+11 -3.07692308e+11 -4.61538462e+10 -1.16521662e-05][ 1.34615385e+10 -1.15384615e+10 -5.38461538e+10  4.61538462e+10
 -2.27494673e-05 -7.21324574e-06  1.55769231e+11 -7.50000000e+10
 -1.53846154e+11  5.38461538e+10  3.84615385e+10 -1.34615385e+10][-1.34615385e+10  3.84615385e+10  5.38461538e+10 -1.53846154e+11
 -6.10351562e-06  1.41490589e-05 -7.50000000e+10  1.55769231e+11
  4.61538462e+10 -5.38461538e+10 -1.15384615e+10  1.34615385e+10][-5.14101392e-05  1.24844638e-06  9.32173295e-05 -1.00000000e+11
 -1.07692308e+11  1.00000000e+11 -1.53846154e+11  4.61538462e+10
  4.15384615e+11 -1.00000000e+11 -1.53846154e+11  5.38461538e+10][ 8.32297585e-07 -2.15877318e-05 -1.00000000e+11  8.87784091e-05
  1.00000000e+11 -3.07692308e+11  5.38461538e+10 -5.38461538e+10
 -1.00000000e+11  4.15384615e+11  4.61538462e+10 -5.38461538e+10][ 1.57914315e-05  1.15384615e+10 -1.77556818e-05  2.02232195e-05
 -2.44140625e-05 -4.61538462e+10  3.84615385e+10 -1.15384615e+10
 -1.53846154e+11  4.61538462e+10  1.15384615e+11  0.00000000e+00][ 1.34615385e+10  5.52700103e-06  2.33712719e-05 -8.32297585e-06
 -5.38461538e+10 -1.16521662e-05 -1.34615385e+10  1.34615385e+10
  5.38461538e+10 -5.38461538e+10  0.00000000e+00  4.03846154e+10]
