15, 0.05837220569235059, -0.1793385986839986 
45, 0.06314774866981095, -0.19302823220419435 
91, 0.06583250539273587, -0.19810486630232807 
153, 0.06774851372107539, -0.20137510728423566 
231, 0.06922946076475359, -0.20381804417020755 
325, 0.07043434630270257, -0.20577527964920697 
861, 0.07378962927011123, -0.21115108645399147 
1891, 0.07644035019477698, -0.2153610283445301 
------------------------------------------------
3321, 0.07831910306959837, -0.21833829481444011 
5151, 0.07977729236195664, -0.2206497600936989 
7381, 0.08097055173899687, -0.22254418761008482 
------------------------------------------------
10011, 0.08198165507834616, -0.2241532709713505 
------------------------------------------------
13041, 0.0828599225702868, -0.22555525964640022 
------------------------------------------------
16471, 0.08363712928259158, -0.22680047330353262 
------------------------------------------------
20301, 0.08433495327446619, -0.22792319712869746 
------------------------------------------------
